# 评论数据 —— 格式: user_id|dish_ids(逗号分隔)|comment|rate|timestamp
1|1,4|宫保鸡丁很香，麻婆豆腐下饭|5|1779926400
2|2,5|鱼香肉丝酸甜好味，炒饭粒粒分明|4|1779930000
3|3|红烧排骨软烂入味，分量也足|5|1779933600
4|1,7|鸡丁好吃，配杯柠檬茶很清爽|4|1779937200
5|9,10|芒果布丁和红豆双皮奶都很赞|5|1779940800
6|11,12|水煮鱼太辣了但是很爽，凉拌木耳解腻|5|1779944400
7|15|扬州炒饭中规中矩，有点油|3|1779948000
8|20,21|拍黄瓜清脆，酱牛肉很有嚼劲|4|1779951600
9|25|酸梅汤正宗，夏天喝最舒服|5|1779955200
10|30,31|炸酱面味道地道，就是稍微有点咸|4|1779958800
11|35|杨枝甘露料很足，推荐|5|1779962400
12|40,41|烤羊肉串肥瘦相间，烤韭菜有点老|4|1779966000
13|45|紫菜蛋花汤太淡了，没什么味道|2|1779969600
14|50,51|糖醋排骨酸甜适中，孩子爱吃|5|1779973200
15|55|冰粉红糖给多了，有点甜|3|1779976800
16|60,61|清蒸鲈鱼很新鲜，葱姜去腥做得好|5|1779980400
17|65|珍珠奶茶珍珠煮得刚好，不硬不烂|4|1779984000
18|70,71|干锅花菜火候不错，就是有点辣|4|1779987600
19|75|提拉米苏咖啡味浓郁，不错|5|1779991200
20|80,81|铁板牛肉滋滋响，黑椒味很正|5|1779994800
21|85|臭豆腐闻着臭吃着香，外脆里嫩|4|1779998400
22|90,91|菠萝咕噜肉外皮酥脆，里面多汁|5|1780002000
23|95|肠粉酱汁调得好，滑嫩|4|1780005600
24|100,101|煲仔饭锅巴很脆，腊味香甜|5|1780009200
25|105|凉皮酸辣开胃，夏天必备|4|1780012800
26|110,111|肉夹馍馍酥肉烂，一口下去满足|5|1780016400
27|115|蚵仔煎鲜味十足，台式风味正宗|4|1780020000
28|120,121|葱油饼层层分明，葱香四溢|4|1780023600
29|125|南瓜粥熬得很绵密，养胃|5|1780027200
30|130,131|杏仁豆腐清凉爽滑，杏仁味浓|4|1780030800
31|135|宫保虾球虾仁很大颗，Q弹|5|1780034400
32|140,141|香干炒肉家常味道，很下饭|4|1780038000
33|145|炒米粉镬气足，配菜丰富|4|1780041600
34|150,151|卤肉饭汁浓肉烂，拌饭一绝|5|1780045200
35|155|蒜蓉粉丝蒸扇贝蒜香扑鼻，粉丝吸满汤汁|5|1780048800
36|160|鱼香茄子软糯入味，就是油有点多|3|1780052400
37|165,166|干煸四季豆干香微辣，口感脆嫩|4|1780056000
38|170|酸菜鱼酸菜够味，鱼片滑嫩无刺|5|1780059600
39|175,176|辣子鸡麻辣干香，鸡肉酥脆|4|1780063200
40|180|木须肉营养丰富，鸡蛋木耳搭配好|4|1780066800
41|185,186|地三鲜土豆茄子青椒，东北经典|5|1780070400
42|190|京酱肉丝甜面酱炒得正好，配葱丝豆皮|4|1780074000
43|195,196|剁椒鱼头鲜辣入味，鱼肉细嫩|5|1780077600
44|200|夫妻肺片麻辣鲜香，牛杂处理干净|4|1780081200
45|1,2|宫保鸡丁和鱼香肉丝都是下饭神器|5|1780084800
46|3,4|红烧排骨和麻婆豆腐，经典组合|4|1780088400
47|5,6|扬州炒饭配牛肉拉面，主食双拼|3|1780092000
48|7,8|柠檬红茶和鲜榨橙汁，解腻必备|4|1780095600
49|9,10|甜品双拼，芒果布丁和双皮奶都爱|5|1780099200
50|11,12|糖醋里脊和水煮鱼，一甜一辣|4|1780102800
51|13,14|回锅肉和干煸四季豆，川菜经典|5|1780106400
52|15,16|酸菜鱼和辣子鸡，重口味最爱|4|1780110000
53|17,18|木须肉和地三鲜，家常美味|4|1780113600
54|19,20|京酱肉丝和剁椒鱼头，南北结合|5|1780117200
55|21,22|拍黄瓜和凉拌木耳，清爽凉菜|4|1780120800
56|23,24|夫妻肺片和蒜泥白肉，肉食者最爱|5|1780124400
57|25,26|凉拌海带丝和皮蛋豆腐，开胃小菜|4|1780128000
58|27,28|口水鸡和老醋花生，下酒好菜|5|1780131600
59|29,30|凉拌金针菇和酱牛肉，健康美味|4|1780135200
60|31,32|炸酱面和担担面，面食爱好者|5|1780138800
61|33,34|葱油拌面和鲜肉小笼包，早餐标配|4|1780142400
62|35,36|韭菜盒子和蛋炒饭，简单吃饱|3|1780146000
63|37,38|炒河粉和猪肉白菜饺子，南北主食|4|1780149600
64|39,40|煎饺和疙瘩汤，暖胃组合|5|1780153200
65|41,42|酸梅汤和冰镇可乐，快乐水|4|1780156800
66|43,44|鲜榨西瓜汁和珍珠奶茶，夏日饮品|5|1780160400
67|45,46|绿茶和茉莉花茶，清新解腻|4|1780164000
68|47,48|椰汁和豆浆，植物蛋白补充|5|1780167600
69|49,50|咖啡和气泡水，提神醒脑|4|1780171200
70|51,52|杨枝甘露和焦糖布丁，甜蜜时光|5|1780174800
71|53,54|桂花糕和绿豆沙，传统甜品|4|1780178400
72|55,56|提拉米苏和蛋挞，西式甜点|5|1780182000
73|57,58|芋圆烧仙草和冰粉，清凉解暑|4|1780185600
74|59,60|银耳莲子羹和芝士蛋糕，中西合璧|5|1780189200
75|61,62|紫菜蛋花汤和西红柿鸡蛋汤，家常汤品|4|1780192800
76|63,64|排骨莲藕汤和鸡汤，滋补养生|5|1780196400
77|65,66|酸辣汤和冬瓜肉丸汤，开胃暖身|4|1780200000
78|67,68|罗宋汤和海鲜豆腐汤，西式鲜味|5|1780203600
79|69,70|玉米排骨汤和皮蛋瘦肉粥，清淡营养|4|1780207200
80|71,72|烤羊肉串和烤鸡翅，烧烤必点|5|1780210800
81|73,74|烤韭菜和烤茄子，素菜烧烤|4|1780214400
82|75,76|炸薯条和炸鸡块，小朋友最爱|5|1780218000
83|77,78|臭豆腐和烤冷面，街头小吃|4|1780221600
84|79,80|章鱼小丸子和春卷，精致小吃|5|1780225200
85|81,82|糖醋排骨和葱爆羊肉，硬菜组合|4|1780228800
86|83,84|蒜蓉粉丝蒸扇贝和清蒸鲈鱼，海鲜大餐|5|1780232400
87|85,86|干锅花菜和鱼香茄子，素菜荤做|4|1780236000
88|87,88|宫保虾球和铁板牛肉，高档食材|5|1780239600
89|89,90|菠萝咕噜肉和香干炒肉，酸甜咸香|4|1780243200
90|91,92|炒米粉和肠粉，广式风味|5|1780246800
91|93,94|煲仔饭和凉皮，南北主食碰撞|4|1780250400
92|95,96|肉夹馍和卤肉饭，碳水快乐|5|1780254000
93|97,98|蚵仔煎和葱油饼，特色小吃|4|1780257600
94|99,100|南瓜粥和杏仁豆腐，养生甜品|5|1780261200
95|1,10|宫保鸡丁配双皮奶，意外的好吃|4|1780264800
96|20,30|酱牛肉配炸酱面，老北京味道|5|1780268400
97|40,50|铁板牛肉配气泡水，解腻神器|4|1780272000
98|60,70|清蒸鲈鱼配皮蛋瘦肉粥，清淡晚餐|5|1780275600
99|80,90|烤冷面配香干炒肉，混搭风|3|1780279200
100|100,1|煲仔饭配宫保鸡丁，完美午餐|5|1780282800
199|1,2,3,||4|1781110542
1|41,|好吃|3|1781366762
199|1,2,3,||4|1781397254
199|42,41,6,31,|好|4|1781397299
199|1,2,3,||4|1781400241
199|42,10,62,|111|5|1781400654
